221,1006,2.857142857142857
222,1004,3.1759523809523813
223,1006,4.382537462537463
224,1005,3.857142857142857
226,1005,0.8136363636363636
228,1004,0.07
229,1006,0.26571428571428574
231,1004,0.5618048618048618
232,1001,0.14335664335664336
233,1001,0.027777777777777776
234,1004,0.14335664335664336
237,1004,0.2062937062937063
240,1001,0.34
242,1006,0.2847222222222222
243,1001,0.34944444444444445
245,1004,0.10839160839160839
246,1001,0.1048951048951049
248,1006,0.18181818181818182
249,1005,0.04895104895104895
250,1004,0.2679195804195804
251,1001,0.4116938616938617
252,1001,0.12237762237762238
253,1005,0.12571428571428572
254,1001,0.31846153846153846
255,1005,0.05
256,1001,0.46979409479409484
258,1006,0.11805555555555555
259,1005,0.30391608391608393
260,1004,0.33760683760683763
261,1006,0.11888111888111888
262,1004,0.1083916083916084
264,1004,0.38
265,1004,0.12
266,1004,0.29384615384615387
267,1004,0.5293706293706294
270,1005,0.29
271,1005,1.5718181818181818
274,1005,0.04
276,1006,0.16783216783216784
277,1006,0.45412698412698416
281,1005,0.8356099456099456
283,1006,0.10139860139860139
286,1004,0.518939393939394
291,1005,0.01048951048951049
292,1006,0.15034965034965034
295,1005,0.4603796203796204
296,1005,0.4385714285714286
297,1005,0.5827872127872128
298,1001,0.5460780885780886
299,1005,0.1934965034965035
301,1006,0.6987412587412587
303,1001,0.21714285714285714
304,1005,0.8848951048951049
305,1005,0.6333566433566433
306,1006,0.17714285714285716
310,1006,0.29764235764235764
311,1006,0.24
312,1006,0.2013888888888889
316,1005,0.14
317,1005,0.08041958041958042
318,1006,0.2
319,1004,0.2986111111111111
320,1005,0.09090909090909091
322,1005,0.19
324,1006,0.13986013986013987
325,1006,1.4483294483294484
326,1006,0.11
327,1006,0.26
328,1006,0.49
329,1006,0.08741258741258741
330,1005,0.15034965034965034
331,1005,0.14857142857142858
332,1001,0.48
333,1005,0.2548951048951049
335,1005,0.31
337,1005,0.5519444444444445
339,1005,0.42714285714285716
341,1004,0.5411888111888111
342,1004,0.15
344,1004,0.05944055944055944
345,1005,0.16083916083916083
347,1005,0.26782245532245536
349,1001,0.16433566433566432
350,1005,0.08741258741258741
352,1004,0.39895104895104894
353,1006,0.43
354,1006,0.013986013986013986
355,1001,0.5943628593628594
358,1004,0.16433566433566432
360,1001,0.362002997002997
361,1005,0.42866189366189367
362,1005,0.4081718281718282
363,1001,0.2986111111111111
364,1001,0.5749650349650349
365,1006,0.038461538461538464
366,1006,0.3706293706293706
367,1005,0.3918881118881119
368,1004,0.22
369,1001,0.42
370,1005,0.09714285714285714
371,1004,0.11
372,1004,0.3494405594405594
373,1005,0.8697147297147297
374,1001,0.08571428571428572
375,1004,0.43
376,1001,0.5048951048951049
377,1006,0.027972027972027972
379,1006,0.06643356643356643
380,1006,0.5702797202797203
383,1006,0.823056943056943
384,1004,0.0034965034965034965
385,1004,0.126993006993007
386,1005,0.26275724275724277
387,1005,0.589047619047619
388,1006,0.16433566433566432
391,1004,0.045454545454545456
392,1006,0.16083916083916083
393,1006,0.1923076923076923
394,1001,0.14335664335664336
396,1005,0.9117482517482516
398,1001,0.03146853146853147
399,1004,0.045454545454545456
400,1004,0.27
402,1006,0.15034965034965037
404,1005,0.4
405,1005,0.0979020979020979
406,1004,0.03146853146853147
407,1004,0.5027172827172828
408,1004,0.39
409,1005,0.24305555555555555
411,1001,0.13142857142857142
412,1006,0.55
414,1001,0.25874125874125875
415,1005,0.05142857142857143
417,1001,0.0979020979020979
421,1005,0.0034965034965034965
423,1006,0.05714285714285714
424,1004,0.027972027972027975
426,1001,0.3142857142857143
427,1006,0.5331682206682207
430,1001,0.6373015873015873
431,1004,0.29587412587412587
432,1001,0.35068847818847815
433,1004,0.4037975912975913
435,1001,0.0979020979020979
436,1006,0.16835164835164834
437,1001,0.07692307692307693
438,1006,0.6224747474747474
439,1006,0.0979020979020979
440,1006,0.1853146853146853
442,1006,0.22727272727272727
443,1006,0.2423776223776224
445,1001,0.027972027972027972
446,1004,0.13131868131868132
447,1004,0.46
449,1005,0.0034965034965034965
451,1001,0.10285714285714286
452,1006,0.40142857142857147
453,1004,0.09090909090909091
454,1001,0.29
456,1004,0.1048951048951049
458,1006,0.46
460,1001,0.3748951048951049
461,1001,0.06944444444444445
463,1005,1.2296930846930847
464,1001,1.0555444555444555
465,1005,0.0034965034965034965
466,1005,0.28545454545454546
467,1001,0.17
468,1005,0.3361038961038961
469,1001,0.41035353535353536
471,1005,0.51993006993007
472,1005,0.15384615384615385
473,1004,0.0979020979020979
475,1001,0.32
476,1006,0.17
477,1004,0.3613286713286713
478,1006,0.27452408702408704
479,1006,0.05944055944055944
481,1005,0.42335664335664336
482,1006,0.6108333333333333
483,1004,0.0979020979020979
484,1004,0.24
485,1006,0.3967074592074592
487,1004,0.26
492,1001,0.850969030969031
493,1001,0.3320879120879121
494,1006,0.17132867132867133
496,1006,0.04895104895104895
498,1005,0.31741258741258743
499,1001,0.33
502,1006,0.18
504,1004,0.455905205905206
506,1005,0.7492207792207792
508,1005,0.3472222222222222
512,1006,0.16783216783216784
513,1001,0.04861111111111111
514,1006,0.2916666666666667
516,1005,0.44
517,1006,0.5553146853146853
518,1005,0.4747222222222222
521,1001,0.5127272727272727
522,1004,0.49447552447552445
523,1001,0.09090909090909091
526,1006,0.0979020979020979
528,1004,0.13
530,1001,0.1783216783216783
531,1001,0.13986013986013987
534,1006,0.25121406371406374
535,1001,0.12237762237762237
537,1001,0.5850047175047175
541,1005,0.627162837162837
542,1006,0.5793706293706293
543,1005,0.28846153846153844
544,1005,0.09722222222222222
546,1006,0.14285714285714285
547,1004,0.22027972027972026
548,1001,0.15734265734265734
550,1005,0.24
554,1006,0.04195804195804196
556,1004,0.44944055944055944
558,1006,0.10839160839160839
560,1001,0.5413461538461539
562,1006,0.17
563,1004,1.1451748251748253
564,1005,0.06993006993006994
565,1005,0.45
567,1005,0.6900000000000001
569,1001,0.49892107892107884
570,1001,0.15734265734265734
571,1005,0.5326825951825952
573,1005,0.22285714285714286
574,1004,0.15034965034965034
575,1006,0.09090909090909091
576,1001,0.14685314685314685
578,1001,0.5700000000000001
579,1005,0.1887140637140637
581,1004,0.2
583,1001,0.6128671328671329
584,1004,0.24
586,1005,0.48028360528360525
587,1006,0.3472222222222222
588,1004,0.38
589,1006,0.17
591,1004,0.12927350427350429
592,1005,0.48888111888111885
593,1001,0.680909090909091
595,1005,0.45482517482517487
597,1006,0.44
598,1005,0.43
599,1004,0.15
601,1001,0.41146853146853146
604,1004,0.4
605,1001,0.27622377622377625
606,1005,1.387902097902098
608,1001,0.3827700077700078
611,1004,0.3055555555555556
612,1005,0.08
613,1004,0.7011888111888112
614,1006,0.25
615,1001,0.17688311688311686
616,1005,0.3251748251748252
617,1006,0.14472222222222222
618,1005,0.09722222222222222
622,1001,0.006993006993006993
623,1006,0.04195804195804196
624,1001,0.6360339660339661
625,1006,0.23076923076923078
627,1004,0.44594405594405595
629,1006,0.3402777777777778
630,1005,0.15188811188811188
633,1001,0.11805555555555555
635,1001,0.4439160839160839
636,1001,1.0795604395604397
639,1001,0.24305555555555555
641,1004,0.35384615384615387
642,1001,0.06643356643356643
643,1004,1.1662937062937064
644,1001,0.22105894105894106
646,1006,0.4609090909090909
647,1006,0.42
648,1001,0.20090909090909093
649,1006,0.3
651,1004,0.6618181818181817
652,1001,0.13986013986013987
653,1006,0.2571428571428571
654,1004,0.17482517482517482
655,1006,0.47
656,1004,0.08
657,1006,0.006944444444444444
658,1006,0.2
659,1006,0.06293706293706294
660,1001,0.19
662,1006,0.2705294705294705
664,1006,0.07342657342657342
665,1004,0.34
666,1004,0.2
667,1005,0.47
668,1005,0.2742857142857143
671,1001,0.16433566433566432
674,1004,0.6107589632589632
678,1004,0.26
680,1004,0.5390909090909091
681,1004,0.05
682,1006,0.35714285714285715
683,1001,0.14335664335664336
684,1006,0.02097902097902098
686,1006,0.15384615384615385
687,1006,0.9171428571428571
688,1001,0.17132867132867133
691,1005,0.11805555555555555
692,1005,0.12937062937062938
694,1001,0.24
697,1005,0.10839160839160839
698,1004,0.37
700,1006,0.4148251748251748
701,1006,0.11188811188811189
705,1005,0.07692307692307693
706,1005,0.2093706293706294
707,1004,0.10139860139860139
708,1001,0.0798853923853924
710,1001,0.03428571428571429
711,1005,0.045454545454545456
712,1001,0.38
713,1006,0.5646092796092796
715,1006,0.11538461538461539
718,1001,0.12937062937062938
719,1006,0.24825174825174826
720,1006,0.5125777000777001
722,1006,0.2576728826728827
723,1005,0.3194444444444444
724,1001,0.4033966033966034
725,1006,0.2638888888888889
726,1001,0.05944055944055944
728,1005,0.15034965034965034
730,1006,0.09090909090909091
731,1006,0.034722222222222224
732,1001,0.006993006993006993
733,1001,0.4799300699300699
734,1004,0.05944055944055944
736,1006,0.663065268065268
738,1004,0.34384615384615386
739,1004,0.160979020979021
742,1004,0.16
743,1001,0.8502797202797203
745,1004,0.11722222222222223
747,1005,0.0979020979020979
748,1005,0.38
751,1004,0.48821095571095574
752,1001,0.40396076146076143
754,1004,0.09090909090909091
755,1005,0.11888111888111888
757,1005,0.11188811188811189
758,1004,0.3229370629370629
759,1004,0.22916666666666666
761,1004,0.16666666666666666
762,1004,0.32
764,1004,0.6909090909090909
765,1006,0.11538461538461539
767,1001,0.3111888111888112
769,1004,0.441958041958042
770,1006,1.1667132867132866
772,1001,0.0625
773,1005,0.37790209790209794
775,1004,0.0944055944055944
777,1006,0.48
779,1005,0.27
782,1004,0.7836047286047286
784,1004,0.26285714285714284
785,1006,0.5
787,1004,0.39783216783216785
788,1006,0.08
789,1004,0.005714285714285714
791,1006,0.29
792,1005,0.15734265734265734
794,1005,0.5513286713286714
795,1001,0.16783216783216784
796,1005,0.08391608391608392
797,1005,0.31118881118881114
798,1001,0.15734265734265734
800,1001,0.18685314685314688
802,1005,0.5628571428571428
803,1005,0.38995726495726496
804,1005,0.17132867132867133
805,1005,0.2986111111111111
807,1005,0.15734265734265734
808,1004,0.6004467754467755
809,1001,0.16433566433566432
810,1006,0.6508391608391608
811,1006,0.27622377622377625
812,1006,0.28
813,1004,0.14285714285714285
814,1001,0.2272727272727273
815,1004,0.13636363636363635
816,1005,0.48733266733266734
817,1005,0.3601398601398601
818,1001,0.05244755244755245
819,1004,0.16783216783216784
820,1004,0.37490509490509494
823,1001,0.024475524475524476
824,1001,0.17482517482517482
825,1006,0.04895104895104896
827,1005,0.6314285714285715
828,1005,0.15384615384615385
829,1006,0.14685314685314685
830,1006,0.02
831,1004,0.0979020979020979
835,1006,0.22
837,1005,0.09
838,1004,0.11538461538461539
839,1004,0.39517482517482516
840,1001,0.12237762237762238
841,1004,0.9206080031080031
842,1006,0.1882770007770008
843,1005,0.024475524475524476
845,1004,0.15034965034965034
846,1006,0.49755244755244754
847,1001,0.08391608391608392
848,1006,0.2361111111111111
850,1001,0.13986013986013987
851,1005,0.14285714285714285
855,1001,0.9263231213231213
856,1006,1.007958707958708
857,1004,0.19734265734265735
859,1001,0.19
860,1005,0.02097902097902098
861,1004,0.23
863,1004,0.08391608391608392
865,1004,0.6222222222222222
867,1004,0.29608585858585856
868,1001,0.1048951048951049
871,1006,0.65
872,1001,0.2222222222222222
873,1001,0.9941666666666666
874,1004,2.3108391608391607
875,1005,0.03146853146853147
878,1005,0.0979020979020979
879,1005,0.29
881,1004,0.07428571428571429
883,1005,0.36
886,1005,0.6599999999999999
887,1006,0.33
888,1006,0.29106893106893106
889,1001,0.05714285714285714
890,1005,0.6632767232767233
891,1006,0.39944055944055945
892,1004,0.7149603174603174
893,1004,0.34
894,1005,0.23426573426573427
895,1004,0.30069930069930073
897,1004,0.3848251748251748
898,1005,0.14285714285714285
899,1006,0.5888811188811188
900,1006,0.47333333333333333
903,1001,0.31356837606837606
905,1006,0.11460761460761461
907,1001,0.14335664335664336
910,1005,0.11888111888111888
911,1004,0.5590609390609391
912,1001,0.2679020979020979
913,1004,0.5684731934731935
914,1001,0.04195804195804196
915,1005,0.8181779331779332
916,1004,0.027972027972027972
917,1004,0.14685314685314685
918,1005,0.3
919,1006,0.5498601398601398
922,1001,0.14685314685314685
923,1005,0.37
924,1006,0.03146853146853147
925,1001,0.15
926,1006,0.14026529026529028
927,1005,0.34
928,1004,0.18478049728049728
929,1005,0.1957142857142857
931,1006,0.9547999222999222
932,1004,0.10857142857142857
934,1004,0.06643356643356643
935,1001,0.21
936,1005,0.2985714285714286
938,1006,0.11188811188811189
939,1005,0.5
940,1006,0.17132867132867133
942,1006,0.4872222222222222
943,1006,0.8609759684759684
944,1006,0.024475524475524476
945,1001,0.2914285714285714
946,1006,0.7911188811188812
947,1001,0.04
948,1004,0.25874125874125875
949,1005,0.655513653013653
951,1005,0.2
952,1001,0.06293706293706294
954,1001,0.4097222222222222
957,1005,0.5027272727272727
959,1004,0.7212587412587412
961,1001,0.35436091686091686
966,1004,0.22
968,1004,0.15034965034965034
969,1004,0.49
971,1006,0.16433566433566432
972,1004,0.835878010878011
974,1006,0.5159440559440559
976,1004,0.24571428571428572
978,1004,0.12237762237762238
979,1004,0.8836163836163836
980,1005,0.1923076923076923
982,1004,0.18181818181818182
983,1006,0.29
984,1005,0.0979020979020979
985,1001,0.08391608391608392
986,1004,0.2272727272727273
988,1001,0.6226476301476301
989,1001,0.7098701298701299
991,1004,0.11188811188811189
992,1005,0.27428571428571424
993,1001,0.2152777777777778
994,1006,0.1657142857142857
997,1004,0.5528671328671328
998,1004,0.027972027972027972
999,1005,0.6283333333333333
1000,1005,0.32
1003,1006,0.2246037296037296
1005,1006,0.11428571428571428
1006,1006,0.5464335664335664
1007,1005,1.1897902097902098
1008,1006,0.18055555555555555
1009,1001,0.08041958041958042
1010,1006,0.02097902097902098
1011,1001,0.024475524475524476
1012,1005,0.28034965034965037
1013,1006,0.1853146853146853
1014,1001,0.35214785214785216
1015,1005,0.06993006993006994
1016,1005,0.08391608391608392
1017,1005,0.08041958041958042
1018,1004,0.4574825174825175
1024,1004,0.2
1026,1006,0.17482517482517482
1028,1006,0.0979020979020979
1029,1006,0.27839160839160837
1030,1005,0.5382517482517483
1031,1004,0.17132867132867133
1033,1004,0.10139860139860139
1035,1001,0.01
1037,1005,0.17482517482517482
1038,1004,0.14
1040,1006,0.11
1042,1004,0.07692307692307693
1043,1001,0.05244755244755245
1044,1001,0.2857142857142857
1045,1004,0.03496503496503497
1046,1004,0.4891808191808192
1047,1006,0.24571428571428572
1049,1006,0.14335664335664336
1050,1005,0.03496503496503497
1055,1005,0.07643356643356643
1056,1005,0.30662698412698414
1057,1004,0.45
1058,1001,0.09090909090909091
1060,1001,0.37798201798201797
1062,1004,0.2062937062937063
1066,1004,0.1888111888111888
1067,1004,0.36
1070,1006,0.024475524475524476
1072,1004,0.125
1073,1006,0.16783216783216784
1075,1005,0.09
1076,1006,0.13194444444444445
1077,1006,0.10857142857142857
1079,1005,0.45245726495726496
1081,1005,0.32167832167832167
1082,1004,0.9461610611610612
1083,1001,0.20833333333333334
1085,1006,0.2742857142857143
1086,1004,0.17482517482517482
1087,1001,0.13986013986013987
1090,1005,0.13621794871794873
1093,1005,0.7663888888888889
1094,1005,0.04861111111111111
1095,1005,0.8500000000000001
1096,1004,0.027972027972027972
1097,1001,0.5832067932067931
1098,1005,0.3255344655344655
1101,1001,0.06293706293706294
1103,1001,0.4484215784215784
1105,1006,0.06293706293706294
1106,1005,0.3506893106893107
1109,1004,0.8133255633255633
1111,1004,0.2361111111111111
1112,1004,0.30924630924630925
1113,1004,0.45
1115,1001,0.5588811188811189
1119,1005,0.07692307692307693
1121,1001,0.5303496503496503
1122,1005,0.31531746031746033
1124,1001,0.24
1126,1004,0.05714285714285714
1128,1001,0.28083916083916083
1129,1001,0.2342857142857143
1131,1005,0.23776223776223776
1133,1004,0.05797202797202797
1134,1005,0.03146853146853147
1135,1004,0.7776923076923077
1138,1005,0.0944055944055944
1139,1004,0.12
1140,1005,1.5861538461538465
1141,1001,0.2
1142,1006,0.6538461538461539
1144,1005,0.1258741258741259
1148,1006,0.37666666666666665
1150,1005,0.5316783216783216
1154,1004,0.3654331779331779
1155,1006,0.18803418803418803
1156,1004,0.6842657342657342
1157,1001,0.34857142857142853
1158,1006,0.3316822066822067
1160,1006,0.28262015762015763
1161,1006,0.0034965034965034965
1162,1005,1.037420634920635
1163,1006,0.08741258741258741
1164,1001,0.45839160839160836
1165,1004,0.07206793206793208
1166,1001,0.05555555555555555
1167,1004,0.21969696969696972
1169,1006,0.020833333333333332
1170,1004,0.05944055944055944
1171,1006,0.9497202797202797
1173,1006,0.16083916083916083
1174,1001,0.8743356643356643
1176,1004,0.4833566433566434
1177,1001,0.6282517482517482
1178,1001,0.8623576423576423
1179,1001,0.11188811188811189
1182,1001,0.16083916083916083
1183,1001,0.03146853146853147
1184,1006,0.09643356643356643
1186,1006,0.11888111888111888
1187,1001,0.1993006993006993
1188,1004,0.006944444444444444
1191,1001,0.7302097902097902
1192,1001,0.19428571428571428
1193,1001,0.25142857142857145
1194,1001,0.28
1196,1001,0.25
1197,1001,0.2742857142857143
1200,1006,0.33483877233877235
1201,1001,0.22
1202,1001,0.2916666666666667
1203,1006,0.30069930069930073
1205,1006,0.13346653346653348
1208,1004,0.3402777777777778
1209,1001,0.2656443556443556
1210,1004,0.11067460317460318
1211,1005,0.0944055944055944
1212,1001,0.19444444444444445
1213,1004,0.15734265734265734
1214,1004,0.14583333333333334
1216,1004,0.7705885780885781
1217,1001,0.027972027972027972
1218,1001,0.17482517482517482
1219,1001,0.5863500388500388
1221,1006,0.22173826173826172
1223,1001,0.045714285714285714
1224,1004,0.12237762237762238
1225,1006,4.86
1226,1006,1.0
1227,1006,1.0
1228,1006,1.0
1229,1005,100000.0
1230,1005,1.0
1231,1001,3.0
